# Matrix written at Thu Sep 15 10:39:06 2005
      A     R     N     D     C     Q     E     G     H     I     L     K     M     F     P     S     T     W     Y     V     B     Z     X     *
A 11.184 -3.007 -2.433 -1.933 -2.764 1.985 -1.165 0.475 -3.101 -0.046 3.929 -4.892 -4.658 0.197 -1.875 -0.380 -0.714 0.386 0.401 2.102 -2.183 0.410 -0.315 -4.000
R -3.007 7.387 -1.597 -0.861 -4.151 1.516 0.290 -2.321 0.061 -0.290 -0.212 1.783 -3.495 0.491 -2.167 -2.674 1.186 0.212 -0.209 -2.762 -1.229 0.903 -0.541 -4.000
N -2.433 -1.597 6.662 2.558 -1.976 0.143 -0.925 -1.399 -0.645 -3.771 -0.786 -2.487 -5.055 -2.504 -1.337 -1.316 0.049 -1.451 -0.239 -0.484 4.610 -0.391 -0.950 -4.000
D -1.933 -0.861 2.558 5.225 -2.321 1.372 1.052 -2.007 0.091 -4.508 -5.501 -2.317 -1.465 -4.429 -0.708 -0.398 -4.279 1.565 -3.341 -4.296 3.891 1.212 -1.325 -4.000
C -2.764 -4.151 -1.976 -2.321 15.511 -2.824 -4.491 -1.187 -2.933 -0.065 -0.285 -5.104 -3.539 2.438 -1.828 -0.247 0.901 -5.289 1.549 -2.314 -2.149 -3.657 -1.046 -4.000
Q 1.985 1.516 0.143 1.372 -2.824 5.316 2.151 0.182 0.323 -0.335 -1.244 1.648 -0.452 3.184 -0.963 -0.644 -0.080 1.805 -1.920 0.189 0.758 3.733 0.568 -4.000
E -1.165 0.290 -0.925 1.052 -4.491 2.151 4.676 -6.120 0.928 -3.318 1.194 -0.255 -0.007 -3.842 -1.986 -1.110 -1.340 2.343 -0.841 -2.024 0.064 3.413 -0.740 -4.000
G 0.475 -2.321 -1.399 -2.007 -1.187 0.182 -6.120 5.068 -0.385 0.050 -1.678 -2.824 -0.142 -0.871 -0.907 -0.414 -2.361 0.211 0.409 -2.685 -1.703 -2.969 -0.945 -4.000
H -3.101 0.061 -0.645 0.091 -2.933 0.323 0.928 -0.385 11.822 -4.885 -0.283 -0.898 -1.877 -1.159 -1.335 -1.743 -1.792 1.608 2.687 -2.693 -0.277 0.626 -0.310 -4.000
I -0.046 -0.290 -3.771 -4.508 -0.065 -0.335 -3.318 0.050 -4.885 7.648 6.009 -1.202 -1.594 1.973 -1.304 -4.980 -2.633 -1.072 0.468 5.788 -4.139 -1.827 -0.403 -4.000
L 3.929 -0.212 -0.786 -5.501 -0.285 -1.244 1.194 -1.678 -0.283 6.009 6.885 -3.125 4.610 3.568 -1.939 -0.117 -0.118 0.896 1.902 2.874 -3.144 -0.025 0.829 -4.000
K -4.892 1.783 -2.487 -2.317 -5.104 1.648 -0.255 -2.824 -0.898 -1.202 -3.125 6.823 -0.161 -1.677 -1.825 -1.970 -2.968 1.113 -1.264 -1.683 -2.402 0.696 -1.164 -4.000
M -4.658 -3.495 -5.055 -1.465 -3.539 -0.452 -0.007 -0.142 -1.877 -1.594 4.610 -0.161 9.850 1.650 -2.630 -3.752 -1.648 -1.013 1.488 0.860 -3.260 -0.230 -0.651 -4.000
F 0.197 0.491 -2.504 -4.429 2.438 3.184 -3.842 -0.871 -1.159 1.973 3.568 -1.677 1.650 6.426 -4.053 -1.494 1.383 2.170 5.349 2.879 -3.466 -0.329 0.584 -4.000
P -1.875 -2.167 -1.337 -0.708 -1.828 -0.963 -1.986 -0.907 -1.335 -1.304 -1.939 -1.825 -2.630 -4.053 1.688 -3.841 -2.758 -2.676 -2.572 -1.333 -1.022 -1.474 -1.817 -4.000
S -0.380 -2.674 -1.316 -0.398 -0.247 -0.644 -1.110 -0.414 -1.743 -4.980 -0.117 -1.970 -3.752 -1.494 -3.841 5.407 1.730 -4.940 -2.838 -0.319 -0.857 -0.877 -1.302 -4.000
T -0.714 1.186 0.049 -4.279 0.901 -0.080 -1.340 -2.361 -1.792 -2.633 -0.118 -2.968 -1.648 1.383 -2.758 1.730 4.791 0.243 -1.147 2.024 -2.115 -0.710 -0.477 -4.000
W 0.386 0.212 -1.451 1.565 -5.289 1.805 2.343 0.211 1.608 -1.072 0.896 1.113 -1.013 2.170 -2.676 -4.940 0.243 10.482 3.356 1.394 0.057 2.074 0.567 -4.000
Y 0.401 -0.209 -0.239 -3.341 1.549 -1.920 -0.841 0.409 2.687 0.468 1.902 -1.264 1.488 5.349 -2.572 -2.838 -1.147 3.356 7.399 1.361 -1.790 -1.381 0.600 -4.000
V 2.102 -2.762 -0.484 -4.296 -2.314 0.189 -2.024 -2.685 -2.693 5.788 2.874 -1.683 0.860 2.879 -1.333 -0.319 2.024 1.394 1.361 7.533 -2.390 -0.917 0.321 -4.000
B -2.183 -1.229 4.610 3.891 -2.149 0.758 0.064 -1.703 -0.277 -4.139 -3.144 -2.402 -3.260 -3.466 -1.022 -0.857 -2.115 0.057 -1.790 -2.390 4.251 0.411 -1.137 -4.000
Z 0.410 0.903 -0.391 1.212 -3.657 3.733 3.413 -2.969 0.626 -1.827 -0.025 0.696 -0.230 -0.329 -1.474 -0.877 -0.710 2.074 -1.381 -0.917 0.411 3.574 -0.086 -4.000
X -0.315 -0.541 -0.950 -1.325 -1.046 0.568 -0.740 -0.945 -0.310 -0.403 0.829 -1.164 -0.651 0.584 -1.817 -1.302 -0.477 0.567 0.600 0.321 -1.137 -0.086 -0.426 -4.000
* -4.000 -4.000 -4.000 -4.000 -4.000 -4.000 -4.000 -4.000 -4.000 -4.000 -4.000 -4.000 -4.000 -4.000 -4.000 -4.000 -4.000 -4.000 -4.000 -4.000 -4.000 -4.000 -4.000 1.000
